%YAML:1.0
Storage: !!opencv-matrix
   rows: 8
   cols: 8
   dt: d
   data: [ 1., 7.7777777777777779e-001, 8.8888888888888884e-001,
       8.8888888888888884e-001, 8.8888888888888884e-001,
       8.8888888888888884e-001, 8.8888888888888884e-001,
       8.8888888888888884e-001, 7.7777777777777779e-001,
       7.7777777777777779e-001, 8.8888888888888884e-001,
       8.8888888888888884e-001, 8.8888888888888884e-001,
       8.8888888888888884e-001, 8.8888888888888884e-001,
       8.8888888888888884e-001, 8.8888888888888884e-001,
       8.8888888888888884e-001, 8.8888888888888884e-001,
       8.8888888888888884e-001, 8.8888888888888884e-001,
       8.8888888888888884e-001, 8.8888888888888884e-001,
       8.8888888888888884e-001, 8.8888888888888884e-001,
       8.8888888888888884e-001, 8.8888888888888884e-001,
       7.7777777777777779e-001, 7.7777777777777779e-001,
       7.7777777777777779e-001, 8.8888888888888884e-001,
       8.8888888888888884e-001, 8.8888888888888884e-001,
       8.8888888888888884e-001, 8.8888888888888884e-001,
       7.7777777777777779e-001, 1., 7.7777777777777779e-001,
       8.8888888888888884e-001, 8.8888888888888884e-001,
       8.8888888888888884e-001, 8.8888888888888884e-001,
       8.8888888888888884e-001, 7.7777777777777779e-001,
       7.7777777777777779e-001, 7.7777777777777779e-001,
       8.8888888888888884e-001, 8.8888888888888884e-001,
       8.8888888888888884e-001, 7.7777777777777779e-001,
       7.7777777777777779e-001, 7.7777777777777779e-001,
       8.8888888888888884e-001, 8.8888888888888884e-001,
       8.8888888888888884e-001, 8.8888888888888884e-001,
       8.8888888888888884e-001, 7.7777777777777779e-001, 1.,
       7.7777777777777779e-001, 8.8888888888888884e-001,
       8.8888888888888884e-001, 8.8888888888888884e-001,
       8.8888888888888884e-001 ]
